{
 "name": "landsat5",
 "altitude": 705,
 "inclination": 98.2,
 "period": 98.2,
 "cycle": 16,
 "crossing": "9:45", 
 "k1": 607.76,
 "k2": 1260.56,
 "band1": [0.452, 0.518, 0.485, -1.52, 169, 0.671339, -2.19, 1983],
 "band2": [0.528, 0.609, 0.569, -2.84, 333, 1.322205, -4.16, 1796], 
 "band3": [0.626, 0.693, 0.660, -1.17, 264, 1.043976, -2.21, 1536], 
 "band4": [0.776, 0.904, 0.840, -1.51, 221, 0.876024, -2.39, 1031], 
 "band5": [1.567, 1.784, 1.676, -0.37, 30.2, 0.120354, -0.49, 220.0], 
 "band6": [10.45, 12.42, 11.435, 1.2378, 15.3032, 0.055376, 1.18, 1], 
 "band7": [2.097, 2.349, 2.223, -0.15, 16.5, 0.065551, -0.22, 83.44]
} 