{
 "name": "landsat7",
 "altitude": 705,
 "inclination": 98.2,
 "period": 98.2,
 "cycle": 16,
 "crossing": "10:00", 
 "k1": 666.09,
 "k2": 1282.71,
 "band1": [0.452, 0.514, 0.483, -6.2, 293.7, 0.778740, − 6.98,1997],
 "band2": [0.519, 0.601, 0.560, -6.4, 300.9, 0.798819, − 7.20,1812], 
 "band3": [0.631, 0.692, 0.662, -5.0, 234.4, 0.621654, − 5.62,1533], 
 "band4": [0.772, 0.898, 0.835, -5.1, 241.1, 0.639764, − 5.74,1039], 
 "band5": [1.547, 1.748, 1.648, -1.0, 47.6, 0.126220, − 1.13,230.8], 
 "band6": [10.31, 12.36, 11.335, 0.0, 17.0, 0.037205, 3.16,1], 
 "band7": [2.065, 2.346, 2.206, -0.4, 16.5, 0.043898, − 0.39,84.9]
} 